1.2545032919074097
1.1630391183619697
1.1350098770111798
1.0970657599469027
1.058616336931785
1.0075291190917293
0.9943485981784761
0.9545975594160457
0.9271514790132642
0.9394889949510495
0.9024449769717952
0.8700989556809267
0.8627012855683763
0.865091003694882
0.8599160100022952
0.8475203164232273
0.8303069551475346
0.8059607935448487
0.7641862446442247
0.7768933239082495
0.7631869205584129
0.7656612923368812
0.7453059928491712
0.741532232798636
0.7080485322512686
0.7106462100210289
0.6958035522140562
0.690386597889786
0.688021253515035
0.6574403778649867
0.6330852822090188
0.6316730044471721
0.6278599227157732
0.6227977610814075
0.6010996426921338
0.5841892749381562
0.592663269629702
0.618461525797223
0.5943222814394782
0.5794482089268664
0.5601549743519475
0.5386918901931494
0.5383524149035414
0.5349126499301443
0.5463353549130261
0.5378619711070011
0.5299070411672194
0.4981044955862065
0.49353215559385716
0.4860073662207772
0.48731958665885033
0.4801308501822253
0.45841064690612254
0.45428456749456625
0.44361930039400854
0.43226041190015774
0.42187888263724743
0.4095963495007406
0.40829974313577017
0.39068519074935465
0.3719343588454649
0.3764324088115245
0.37897810788514713
0.3724360976368189
0.3554857228882611
0.3522627964382991
0.34646361775230616
0.35588142815977336
0.34403463266789913
0.3380281541806956
0.32224878661024076
0.33330296766168127
0.31230509528735034
0.30382040014180045
0.28168361717447016
0.26796016162261366
0.26082490662423274
0.25140128866769373
0.24174642071593552
0.24386670124173784
0.2455064407084137
0.2399716894918432
0.2276206918914492
0.22300597495244195
0.2109836746705696
0.20250115658078963
0.18666633841736863
0.17719655572048698
0.16852948125063752
0.15877695341284076
0.15793210907140748
0.14693038855912163
0.14483091833923634
0.1492473946651444
0.13751520526517805
0.13400707078787188
0.13323514821240678
0.1364292499725707
0.12421418110607192
0.11854619069490582
0.11692469913590078
0.11032522352955615
0.1032074574381113
0.09976859609790457
0.09549393895625448
0.0919519887053563
0.08702534778276458
0.08416926717812506
0.08189369778459271
0.08336680287417646
0.09827499977933864
0.11134171408678716
0.10070833655578705
0.09169490787511071
0.08380555877423225
0.07813783759484068
0.07767419240359838
0.07373994984081947
0.07524108399520628
0.0711650644739469
0.0680193635111209
0.06672985103020133
0.0657009220274631
0.06566382685171751
0.0630747793513971
0.06777559583618616
0.07448544401559047
0.07851653669107085
0.07825944072101265
0.07217880929432188
0.07452644648922918
0.07472457678522915
0.06691073787127001
0.0638235774890442
0.060262762682395984
0.056947524775750935
0.05430835719744209
0.05485456870228518
0.05280329259306503
0.05631841984965528
0.056061638393051304
0.05407561627604688
0.05074271267706839
0.04872985858334384
0.04639491932563639
0.045025060363695954
0.04550900215981528
0.04333682285408334
0.043497012829175216
0.043475843731236335
