0.23101036312616596
0.263543380776596
0.258188292890268
0.2609047874729287
0.2871910924482315
0.3051415721153693
0.30717608247603556
0.30223443509450226
0.31210752510232226
0.31606211726399924
0.3174488411575887
0.32235615445165294
0.3144582311623668
0.3309407775909396
0.3242438406033805
0.32917511974870883
0.3245946347845169
0.34190555986943677
0.3489784226007824
0.3583463870282112
0.3473865024192326
0.350677596739911
0.3584532702744178
0.35727823143992815
0.3704559040398214
0.36258164421020944
0.36589214719164787
0.37337735871942823
0.38198001110797636
0.3837712364186402
0.3906946212947162
0.3924652130998575
0.3818375680978001
0.384595367053247
0.4050487504396569
0.40825377277648467
0.37711246242453966
0.39306436612099865
0.406460463016459
0.407029480747621
0.42247148678149177
0.4179149267069947
0.42299438287976804
0.4251302170372675
0.42115914133180793
0.4305485362644243
0.4073404632353946
0.41657273135725753
0.4230860432098514
0.4302400062731414
0.4258854238542685
0.42770938202084685
0.40643122784656355
0.44762185833502105
0.4347986668582428
0.4393579640833981
0.4373704202620852
0.4488117773948247
0.45809888499004875
0.45142559300411983
0.45636388860314564
0.4481580690120009
0.44769809645806635
0.4634054206194868
0.44813001190498086
0.4531449652188305
0.4556426191976374
0.4530300655358577
0.45822889250675847
0.4702604356327048
0.4574841028279887
0.4514661479430185
0.46974601836122604
0.45720287215302685
0.4653939359992498
0.4792976569846074
0.4800947325800354
0.4664854443061247
0.4653508269674806
0.47575167908372523
0.4598483569640104
0.47544314112454494
0.46778236661102035
0.4701467018154207
0.47969764007513677
0.4706065606469395
0.4812376852030274
0.48010224359453274
0.4697842709181621
0.4762911283812533
0.482302713184936
0.4697341493807355
0.4733386761042127
0.47123528336836734
0.48406783329442227
0.48481217427755835
0.47768885815375745
0.4721090154678747
0.4873109010289525
0.47973004272386294
0.4717209976415332
0.48013491638411865
0.47596131022539645
0.48203595464849275
0.4867292350247227
0.48139134018346097
0.48167325897628266
0.4771526838656192
0.4843994084407166
0.47702524487319864
0.4831025734280873
0.4794876208145425
0.48645786992260626
0.4835255290674662
0.4944433137915698
0.4833160321270314
0.47533249909959546
0.4844229799044291
0.4814369150611427
0.4788730163371515
0.4821974512435459
0.48349837377062443
0.48540655024247975
0.4848677900580683
0.48831007007671257
0.4772681634518802
0.4761080054501928
0.4793612314930866
0.46645683309622743
0.4841310551584623
0.4782609719392295
0.48399186679119327
0.47520489320963616
0.47732509442142984
0.4773429786317018
0.477109127882328
0.4734539872561539
0.4800769995262279
0.47210394318611815
0.47054295031226423
0.4722178475901004
0.47851415967487426
0.4849391068341188
0.4805178705533267
0.4801046294822876
0.4796364480173303
0.4831580823324722
0.47979484019392177
0.4711515688564981
0.48610566023095353
