0.4531146671584824
0.5016087838168232
0.5233809709960836
0.5365227921557454
0.5551148605356574
0.5668599368558884
0.581931557667789
0.5819074604419906
0.5773193368214625
0.5853837684560527
0.605783970971554
0.6041446799920138
0.5899833728332641
0.6213672629943243
0.6071079488930771
0.633679762529486
0.6351227304859491
0.6493264799878364
0.6516553747766685
0.6375045200427437
0.643710445685374
0.6322110419835406
0.6734053854655725
0.6588004780497877
0.6569742806089435
0.6504077486463611
0.6668215660718163
0.6796823778594246
0.6867563869162949
0.6719649277955443
0.6870473770033825
0.6931050858863727
0.6903537060844038
0.6834449142173767
0.686525908321268
0.6933778096536541
0.6660923132531968
0.6956182878115694
0.6922999915945
0.7132190396434523
0.6999997341634583
0.6918519615983552
0.7162537253693276
0.7041655283658717
0.7075393525724408
0.7019075686075575
0.7036031015217947
0.7018496086096153
0.7223571736167091
0.7283326918500934
0.6919390020876167
0.730259612571175
0.7066605853844733
0.7398803600714176
0.7309766352527797
0.7368905333711543
0.7378457061430299
0.7253725253918346
0.7458142201814876
0.7254467617759494
0.7432985252848398
0.7367461539097965
0.7394502212165527
0.7384407604731238
0.7445614792700049
0.7306340758047545
0.7153547106916867
0.7430499568611479
0.7473011651195498
0.7500305232209546
0.7365560657485068
0.7164241719551012
0.7542857433765643
0.7402802045799101
0.7472303422084211
0.7513542920593629
0.7507935216192979
0.7518778168415217
0.7471184669538755
0.7514308459132478
0.7324429923283229
0.7494343616363791
0.7511313773029318
0.7409502859802635
0.7553187121956538
0.7430405771013712
0.7503195199333415
0.7545326590991492
0.7453912364938754
0.7488747047159613
0.7610611541658584
0.751190409754297
0.7551764054705626
0.7452669164876086
0.7561851289746341
0.7566728235486266
0.7474443680356802
0.7478570131189998
0.7572231115631252
0.7568605094156173
0.7532209389861646
0.7590595528004331
0.7507318180169907
0.758380239779267
0.7568056400948068
0.7565924716763784
0.7545299703279832
0.7573162421997377
0.7567810243594164
0.7521085178986914
0.7560294581311726
0.7515274940701759
0.7477802819341544
0.7572386413922664
0.7549118704644427
0.7594379437972276
0.7542075701800025
0.7565543696690574
0.7635330428981882
0.756708270360467
0.7550537674439596
0.7516809118001319
0.7584226957364562
0.761829261128365
0.759106785887236
0.7422031047177481
0.7556345315485292
0.7520664442482007
0.7536683020666206
0.7595668764841493
0.7565738114665692
0.7576848607467687
0.7550664714908994
0.753854929555673
0.753799660741724
0.7559042994823711
0.7575859055098122
0.7591779514721283
0.7561042833084036
0.7514720910248832
0.7562769846426665
0.756184317713231
0.7578301461493844
0.7586107031315807
0.759392870476039
0.7578194530145669
0.7600234080672731
0.7579573040247404
0.758741189321795
0.7582430898876008
